K: 1
PK: 80
[ 0.52364865  0.5472973   0.58163265  0.52721088  0.49315068  0.56164384
  0.50171821  0.58275862  0.58275862  0.57241379]
0.547423325145
0.00105024613806
K: 2
PK: 80
[ 0.48986486  0.46959459  0.5170068   0.5         0.4760274   0.54452055
  0.45360825  0.50689655  0.49655172  0.5       ]
0.495407073067
0.000587390381351
K: 3
PK: 80
[ 0.54054054  0.53378378  0.56802721  0.56122449  0.53424658  0.58561644
  0.52233677  0.57241379  0.55862069  0.56551724]
0.55423275326
0.000372368911188
K: 4
PK: 80
[ 0.5472973   0.56418919  0.58843537  0.58503401  0.57534247  0.5890411
  0.56013746  0.57586207  0.55862069  0.59310345]
0.573706309983
0.000216369238583
K: 5
PK: 80
[ 0.57094595  0.5777027   0.59863946  0.58843537  0.59931507  0.60958904
  0.56013746  0.57241379  0.57931034  0.58965517]
0.584614435556
0.000208726051379
K: 6
PK: 80
[ 0.56418919  0.55743243  0.57823129  0.61904762  0.58219178  0.65753425
  0.56013746  0.5862069   0.57586207  0.59655172]
0.587738470728
0.000842877394954
K: 7
PK: 80
[ 0.58783784  0.55405405  0.59183673  0.60544218  0.57534247  0.65410959
  0.56013746  0.57931034  0.59310345  0.6137931 ]
0.591496721185
0.000742288473253
K: 8
PK: 80
[ 0.60810811  0.57432432  0.59863946  0.6122449   0.58219178  0.63356164
  0.58419244  0.59310345  0.56206897  0.62068966]
0.596912471966
0.000438922525
K: 9
PK: 80
[ 0.60472973  0.58108108  0.62244898  0.62585034  0.5890411   0.6369863
  0.57044674  0.58965517  0.57586207  0.62758621]
0.602368771147
0.000530851533923
K: 15
PK: 80
[ 0.60472973  0.60472973  0.63265306  0.63605442  0.59589041  0.64383562
  0.58075601  0.5862069   0.56896552  0.60689655]
0.606071794911
0.000555194973468
K: 20
PK: 80
[ 0.57094595  0.60810811  0.63945578  0.60884354  0.60958904  0.64383562
  0.57731959  0.58965517  0.57931034  0.6137931 ]
0.604085623963
0.000563116222897
K: 25
PK: 80
[ 0.59797297  0.60472973  0.65306122  0.6292517   0.59246575  0.65068493
  0.61168385  0.57586207  0.57241379  0.60344828]
0.609157429953
0.000697681809346
K: 30
PK: 80
[ 0.58445946  0.59121622  0.64285714  0.63265306  0.5890411   0.64726027
  0.59450172  0.57931034  0.5862069   0.60689655]
0.605440276094
0.000597539045673
K: 1
PK: 200
[ 0.58445946  0.5472973   0.53741497  0.52380952  0.56164384  0.55821918
  0.56357388  0.54137931  0.56551724  0.52068966]
0.550400435031
0.000359906107456
K: 2
PK: 200
[ 0.53040541  0.52027027  0.50340136  0.51020408  0.5         0.53767123
  0.54982818  0.52413793  0.53103448  0.44482759]
0.515178052942
0.000763907541592
K: 3
PK: 200
[ 0.57094595  0.52702703  0.54081633  0.5170068   0.58219178  0.54794521
  0.59106529  0.56206897  0.55517241  0.52413793]
0.551837769097
0.000567375866357
K: 4
PK: 200
[ 0.58445946  0.56418919  0.5952381   0.54421769  0.59931507  0.57876712
  0.63230241  0.55517241  0.56206897  0.55172414]
0.576745454548
0.000652411020796
K: 5
PK: 200
[ 0.5472973   0.58783784  0.5952381   0.54421769  0.56849315  0.63356164
  0.62886598  0.55862069  0.59655172  0.56896552]
0.582964962238
0.000879749742499
K: 6
PK: 200
[ 0.59797297  0.58108108  0.59863946  0.54421769  0.59931507  0.62328767
  0.6185567   0.57931034  0.58965517  0.56206897]
0.589410512043
0.000521515587714
K: 7
PK: 200
[ 0.58783784  0.5777027   0.59183673  0.55102041  0.60958904  0.6369863
  0.59106529  0.57241379  0.60344828  0.57241379]
0.589431418003
0.000506743114966
K: 8
PK: 200
[ 0.60472973  0.58783784  0.59183673  0.53741497  0.60273973  0.66438356
  0.63230241  0.59310345  0.58965517  0.59310345]
0.599710703038
0.000955131180618
K: 9
PK: 200
[ 0.5777027   0.59121622  0.58503401  0.54761905  0.59931507  0.65753425
  0.61512027  0.61034483  0.60689655  0.58965517]
0.598043812185
0.000730467725265
K: 15
PK: 200
[ 0.59797297  0.56081081  0.59183673  0.56802721  0.5890411   0.62671233
  0.62542955  0.60344828  0.6137931   0.62068966]
0.599776174177
0.000473880895917
K: 20
PK: 200
[ 0.58445946  0.5777027   0.58843537  0.57823129  0.59931507  0.62671233
  0.64604811  0.57931034  0.61034483  0.6137931 ]
0.600435261192
0.000490417360296
K: 25
PK: 200
[ 0.58783784  0.56081081  0.57482993  0.59863946  0.6130137   0.64041096
  0.62199313  0.58275862  0.61034483  0.60689655]
0.599753582109
0.000505642956237
K: 30
PK: 200
[ 0.59121622  0.57432432  0.56462585  0.58503401  0.60273973  0.65068493
  0.62542955  0.56551724  0.60344828  0.58965517]
0.595267530494
0.000651884098173
K: 1
PK: 500
[ 0.55405405  0.53716216  0.52040816  0.52040816  0.59246575  0.56164384
  0.54639175  0.55517241  0.52758621  0.56206897]
0.547736147057
0.000450807922146
K: 2
PK: 500
[ 0.55067568  0.49662162  0.52040816  0.51020408  0.52739726  0.5
  0.51890034  0.52068966  0.48275862  0.53448276]
0.516213818059
0.000349339548893
K: 3
PK: 500
[ 0.57094595  0.56081081  0.53741497  0.55782313  0.59931507  0.53424658
  0.54295533  0.55862069  0.52413793  0.56206897]
0.55483394085
0.000416011749715
K: 4
PK: 500
[ 0.55067568  0.55067568  0.56462585  0.56122449  0.59931507  0.61643836
  0.57388316  0.55862069  0.55517241  0.56896552]
0.569959689835
0.000423412311456
K: 5
PK: 500
[ 0.59459459  0.55743243  0.58163265  0.60204082  0.60273973  0.58219178
  0.58075601  0.57586207  0.57241379  0.59310345]
0.584276732735
0.000179669997355
K: 6
PK: 500
[ 0.58783784  0.55743243  0.5952381   0.58503401  0.5890411   0.60616438
  0.59450172  0.58275862  0.58275862  0.60689655]
0.588766336988
0.00017750416895
K: 7
PK: 500
[ 0.60135135  0.57094595  0.58843537  0.58843537  0.60616438  0.60273973
  0.59793814  0.55517241  0.56896552  0.63103448]
0.591118271331
0.000431014200558
K: 8
PK: 500
[ 0.58783784  0.57432432  0.57823129  0.58503401  0.60273973  0.57534247
  0.604811    0.58965517  0.56551724  0.59655172]
0.586004479456
0.000149288241919
K: 9
PK: 500
[ 0.58445946  0.58108108  0.57823129  0.58843537  0.60616438  0.59931507
  0.60137457  0.57586207  0.57586207  0.63793103]
0.592871640212
0.000334331696322
K: 15
PK: 500
[ 0.61824324  0.55743243  0.58163265  0.58163265  0.59931507  0.6130137
  0.60824742  0.57586207  0.60689655  0.6       ]
0.594227579229
0.000335437178862
K: 20
PK: 500
[ 0.60810811  0.5777027   0.58843537  0.57142857  0.60616438  0.58561644
  0.62199313  0.5862069   0.59655172  0.60344828]
0.594565560201
0.000216026165377
K: 25
PK: 500
[ 0.62162162  0.5777027   0.57823129  0.57482993  0.59931507  0.58219178
  0.6185567   0.6         0.59655172  0.62413793]
0.597313875433
0.000325640356207
K: 30
PK: 500
[ 0.61148649  0.56418919  0.57482993  0.57482993  0.5890411   0.57876712
  0.62199313  0.59655172  0.58965517  0.61724138]
0.591858516181
0.000348938210319
K: 1
PK: 1024
[ 0.55067568  0.54391892  0.53401361  0.52721088  0.55821918  0.53424658
  0.54982818  0.56206897  0.51724138  0.56896552]
0.544638887858
0.000241916225535
K: 2
PK: 1024
[ 0.48648649  0.55405405  0.49659864  0.48979592  0.52739726  0.5
  0.48453608  0.53793103  0.4862069   0.51034483]
0.507335119973
0.000540787964567
K: 3
PK: 1024
[ 0.52027027  0.54391892  0.54761905  0.52721088  0.53767123  0.55479452
  0.53264605  0.56896552  0.53103448  0.58275862]
0.544688954339
0.000343243153315
K: 4
PK: 1024
[ 0.5472973   0.5777027   0.5952381   0.54421769  0.54794521  0.55821918
  0.56357388  0.60689655  0.55172414  0.5862069 ]
0.567902163524
0.000445694713452
K: 5
PK: 1024
[ 0.53040541  0.57094595  0.59183673  0.56462585  0.56849315  0.55821918
  0.57388316  0.60689655  0.57241379  0.59310345]
0.573082321977
0.000403643266557
K: 6
PK: 1024
[ 0.53378378  0.59121622  0.60204082  0.57142857  0.59589041  0.59931507
  0.59106529  0.6         0.58965517  0.59655172]
0.587094705586
0.000383286029299
K: 7
PK: 1024
[ 0.53378378  0.56756757  0.60204082  0.56462585  0.59246575  0.59589041
  0.58762887  0.63448276  0.57931034  0.59655172]
0.585434787597
0.000642620286555
K: 8
PK: 1024
[ 0.54391892  0.5777027   0.6122449   0.57142857  0.5890411   0.57876712
  0.59450172  0.63793103  0.57931034  0.6137931 ]
0.589863951116
0.000623936495502
K: 9
PK: 1024
[ 0.55405405  0.56418919  0.6122449   0.56802721  0.59246575  0.56164384
  0.60824742  0.61034483  0.5862069   0.6       ]
0.585742408795
0.000442609717893
K: 15
PK: 1024
[ 0.59121622  0.57432432  0.59183673  0.58503401  0.57876712  0.57876712
  0.62542955  0.60689655  0.58965517  0.5862069 ]
0.590813370937
0.000207623316517
K: 20
PK: 1024
[ 0.61486486  0.56081081  0.58503401  0.57482993  0.58219178  0.60273973
  0.6185567   0.62068966  0.60689655  0.60689655]
0.597351058775
0.000373627753858
K: 25
PK: 1024
[ 0.61148649  0.56418919  0.59863946  0.56122449  0.56506849  0.60273973
  0.60824742  0.59655172  0.60689655  0.60689655]
0.59219400907
0.0003713161579
K: 30
PK: 1024
[ 0.61148649  0.57094595  0.59863946  0.55782313  0.57876712  0.60273973
  0.59450172  0.59310345  0.58965517  0.59655172]
0.589421392982
0.000229278841579
