Kernel: linear
K: 100
[ 0.72297297  0.63851351  0.68707483  0.64965986  0.6609589   0.68493151
  0.68041237  0.69310345  0.65862069  0.67931034]
0.675555844522
0.000535718089659
Kernel: sigmoid
K: 100
[ 0.29391892  0.29391892  0.29251701  0.29251701  0.29452055  0.29452055
  0.29553265  0.29655172  0.29655172  0.29655172]
0.29471007658
2.1794430905e-06
Kernel: rbf
K: 100
[ 0.43243243  0.44256757  0.44897959  0.42176871  0.41780822  0.43150685
  0.47766323  0.44827586  0.46896552  0.43448276]
0.442445073598
0.000333814842072
Kernel: linear
K: 500
[ 0.7027027   0.73310811  0.71768707  0.7244898   0.71917808  0.69178082
  0.72164948  0.76206897  0.72758621  0.75862069]
0.725887193227
0.000426856086519
Kernel: sigmoid
K: 500
[ 0.29391892  0.29391892  0.29251701  0.29251701  0.29452055  0.29452055
  0.29553265  0.29655172  0.29655172  0.29655172]
0.29471007658
2.1794430905e-06
Kernel: rbf
K: 500
[ 0.72972973  0.72297297  0.74829932  0.74489796  0.76027397  0.74657534
  0.78694158  0.82068966  0.75862069  0.78965517]
0.760865639468
0.000811548548885
Kernel: linear
K: 1024
[ 0.71621622  0.70945946  0.71768707  0.75170068  0.71917808  0.71575342
  0.72508591  0.66896552  0.67931034  0.72413793]
0.712749464138
0.000493186444428
Kernel: sigmoid
K: 1024
[ 0.29391892  0.29391892  0.29251701  0.29251701  0.29452055  0.29452055
  0.29553265  0.29655172  0.29655172  0.29655172]
0.29471007658
2.1794430905e-06
Kernel: rbf
K: 1024
[ 0.76013514  0.71959459  0.73129252  0.80612245  0.76027397  0.75
  0.75601375  0.74137931  0.7137931   0.75517241]
0.749377724161
0.000607676573221
